=== Support Vector Classifier ===
Accuracy: 0.9861
              precision    recall  f1-score   support

           0       1.00      1.00      1.00        33
           1       1.00      1.00      1.00        28
           2       1.00      1.00      1.00        33
           3       1.00      1.00      1.00        34
           4       1.00      1.00      1.00        46
           5       0.98      0.98      0.98        47
           6       0.97      1.00      0.99        35
           7       0.97      0.97      0.97        34
           8       1.00      0.97      0.98        30
           9       0.95      0.95      0.95        40

    accuracy                           0.99       360
   macro avg       0.99      0.99      0.99       360
weighted avg       0.99      0.99      0.99       360

=== Decision Tree Classifier ===
Accuracy: 0.8528
              precision    recall  f1-score   support

           0       1.00      0.88      0.94        33
           1       0.92      0.79      0.85        28
           2       0.96      0.73      0.83        33
           3       0.77      0.88      0.82        34
           4       0.72      0.89      0.80        46
           5       0.91      0.91      0.91        47
           6       0.86      0.91      0.89        35
           7       0.84      0.91      0.87        34
           8       0.83      0.67      0.74        30
           9       0.85      0.88      0.86        40

    accuracy                           0.85       360
   macro avg       0.87      0.84      0.85       360
weighted avg       0.86      0.85      0.85       360

